



	3.3.2. íÖëíàêéÇÄçàÖ åè, êÖÄãàáìûôÖâ éèÖêÄñàû Z:=(XÆ°p-YÆ°p)*2^(-2)

	HOMEP Rg1 Rg2 Rg3 Rg4 Rg5 Rg6 Rg7 Rg8 Rg9Rg10Rg11Rg12Rg13Rg14|x0x1x2x3
	  10  fc  00  00  00  00  00  00  00  00  00  00  00  00  00| 0 0 0 1
	  20  fc  f9  00  00  00  00  00  00  00  00  00  00  00  00| 0 0 0 1
	  30  fc  f9  00  00  00  00  00  00  00  00  00  00  00  fc| 0 0 1 0
	  40  fc  f9  00  00  00  00  00  00  00  00  00  00  00  fc| 0 0 1 0
	  50  fc  f9  00  00  00  00  00  00  00  00  00  00  00  fd| 0 0 1 0
	  60  fd  f9  00  00  00  00  00  00  00  00  00  00  fd  fd| 0 0 1 0
	  70  fd  f9  00  00  00  00  00  00  00  00  00  00  fd  f9| 0 0 1 0
	  80  fd  f9  00  00  00  00  00  00  00  00  00  00  fd  f9| 0 0 1 0
	  90  fd  f9  00  00  00  00  00  00  00  00  00  00  fd  fa| 0 0 1 0
	 100  fd  fa  00  00  00  00  00  00  00  00  00  00  fa  fa| 0 0 1 0
	 110  fd  fa  00  00  00  00  00  00  00  00  00  00  fa  fa| 0 0 1 0
	 120  fd  fa  00  00  00  00  00  00  00  00  00  00  fa  fa| 0 0 1 0
	 130  fd  fa  00  00  00  00  00  00  00  00  00  00  fa  07| 0 0 0 0
	 140  fd  fa  00  00  00  00  00  00  00  00  00  00  fa  07| 0 0 0 0
	 250  fd  fa  00  00  00  00  00  00  00  00  00  00  fa  00| 0 0 0 1
	 260  fd  fa  00  00  00  00  00  00  00  00  00  00  00  00| 0 0 0 1
	 270  fd  fa  00  00  00  00  00  00  00  00  00  00  00  06| 0 0 0 0
	 280  fd  fa  00  00  00  00  00  00  00  00  00  00  06  06| 0 0 0 0
	 290  fd  fa  00  00  00  00  00  00  00  00  00  00  06  03| 0 1 0 0
	 300  fd  fa  00  00  00  00  00  00  00  00  00  00  03  03| 0 1 0 0
	 310  fd  fa  00  00  00  00  00  00  00  00  00  00  03  03| 0 0 0 0
	 320  fd  fa  00  00  00  00  00  00  00  00  00  00  03  03| 0 0 0 0
	 400  fd  fa  00  00  00  00  00  00  00  00  00  00  03  03| 0 0 0 0
	 410  fd  fa  00  00  00  00  00  00  00  00  00  00  03  01| 0 1 0 0
	 420  fd  fa  00  00  00  00  00  00  00  00  00  00  01  01| 0 1 0 0
	 430  fd  fa  00  00  00  00  00  00  00  00  00  00  01  00| 0 1 0 1
	 440  fd  fa  00  00  00  00  00  00  00  00  00  00  00  00| 0 1 0 1
	 450
	*** The end ***
	 Rg1=fd  Rg2=fa  Rg3=0	Rg4=0  Rg5=0  Rg6=0  Rg7=0  Rg8=0  Rg9=0  Rg10=0
	 Rg11=0  Rg12=0  Rg13=0  Rg14=0.




	HOMEP Rg1 Rg2 Rg3 Rg4 Rg5 Rg6 Rg7 Rg8 Rg9Rg10Rg11Rg12Rg13Rg14|x0x1x2x3
	  10  f9  00  00  00  00  00  00  00  00  00  00  00  00  00| 0 0 0 1
	  20  f9  fc  00  00  00  00  00  00  00  00  00  00  00  00| 0 0 0 1
	  30  f9  fc  00  00  00  00  00  00  00  00  00  00  00  f9| 0 0 1 0
	  40  f9  fc  00  00  00  00  00  00  00  00  00  00  00  f9| 0 0 1 0
	  50  f9  fc  00  00  00  00  00  00  00  00  00  00  00  fa| 0 0 1 0
	  60  fa  fc  00  00  00  00  00  00  00  00  00  00  fa  fa| 0 0 1 0
	  70  fa  fc  00  00  00  00  00  00  00  00  00  00  fa  fc| 0 0 1 0
	  80  fa  fc  00  00  00  00  00  00  00  00  00  00  fa  fc| 0 0 1 0
	  90  fa  fc  00  00  00  00  00  00  00  00  00  00  fa  fd| 0 0 1 0
	 100  fa  fd  00  00  00  00  00  00  00  00  00  00  fd  fd| 0 0 1 0
	 110  fa  fd  00  00  00  00  00  00  00  00  00  00  fd  fd| 0 0 1 0
	 120  fa  fd  00  00  00  00  00  00  00  00  00  00  fd  fd| 0 0 1 0
	 130  fa  fd  00  00  00  00  00  00  00  00  00  00  fd  07| 0 0 0 0
	 140  fa  fd  00  00  00  00  00  00  00  00  00  00  fd  07| 0 0 0 0
	 250  fa  fd  00  00  00  00  00  00  00  00  00  00  fd  00| 0 0 0 1
	 260  fa  fd  00  00  00  00  00  00  00  00  00  00  00  00| 0 0 0 1
	 270  fa  fd  00  00  00  00  00  00  00  00  00  00  00  03| 0 0 0 0
	 280  fa  fd  00  00  00  00  00  00  00  00  00  00  03  03| 0 0 0 0
	 290  fa  fd  00  00  00  00  00  00  00  00  00  00  03  fd| 0 0 1 0
	 300  fa  fd  00  00  00  00  00  00  00  00  00  00  fd  fd| 0 0 1 0
	 310  fa  fd  00  00  00  00  00  00  00  00  00  00  fd  fd| 0 0 1 0
	 320  fa  fd  00  00  00  00  00  00  00  00  00  00  fd  fd| 0 0 1 0
	 330  fa  fd  00  00  00  00  00  00  00  00  00  00  fd  fd| 0 0 1 0
	 340  fa  fd  00  00  00  00  00  00  00  00  00  00  fd  fc| 0 1 1 0
	 350  fa  fd  00  00  00  00  00  00  00  00  00  00  fc  fc| 0 1 1 0
	 360  fa  fd  00  00  00  00  00  00  00  00  00  00  fc  fe| 0 0 1 0
	 370  fa  fd  00  00  00  00  00  00  00  00  00  00  fe  fe| 0 0 1 0
	 380  fa  fd  00  00  00  00  00  00  00  00  00  00  fe  ff| 0 0 1 0
	 390  fa  fd  00  00  00  00  00  00  00  00  00  00  fe  ff| 0 0 1 0
	 440  fa  fd  ff  00  00  00  00  00  00  00  00  00  ff  ff| 0 0 1 0
	 450
	*** The end ***
	 Rg1=fa  Rg2=fd  Rg3=ff  Rg4=0	Rg5=0  Rg6=0  Rg7=0  Rg8=0  Rg9=0  Rg10=0
	 Rg11=0  Rg12=0  Rg13=ff  Rg14=ff.

	HOMEP Rg1 Rg2 Rg3 Rg4 Rg5 Rg6 Rg7 Rg8 Rg9Rg10Rg11Rg12Rg13Rg14|x0x1x2x3
	  10  06  00  00  00  00  00  00  00  00  00  00  00  00  00| 0 0 0 1
	  20  06  03  00  00  00  00  00  00  00  00  00  00  00  00| 0 0 0 1
	  30  06  03  00  00  00  00  00  00  00  00  00  00  00  06| 0 0 0 0
	  40  06  03  00  00  00  00  00  00  00  00  00  00  00  06| 0 0 0 0
	  70  06  03  00  00  00  00  00  00  00  00  00  00  00  03| 0 0 0 0
	  80  06  03  00  00  00  00  00  00  00  00  00  00  00  03| 0 0 0 0
	 110  06  03  00  00  00  00  00  00  00  00  00  00  00  03| 0 0 0 0
	 120  06  03  00  00  00  00  00  00  00  00  00  00  03  03| 0 0 0 0
	 130  06  03  00  00  00  00  00  00  00  00  00  00  03  05| 0 0 0 0
	 140  06  03  00  00  00  00  00  00  00  00  00  00  03  05| 0 0 0 0
	 250  06  03  00  00  00  00  00  00  00  00  00  00  03  00| 0 0 0 1
	 260  06  03  00  00  00  00  00  00  00  00  00  00  00  00| 0 0 0 1
	 270  06  03  00  00  00  00  00  00  00  00  00  00  00  fd| 0 0 1 0
	 280  06  03  00  00  00  00  00  00  00  00  00  00  fd  fd| 0 0 1 0
	 290  06  03  00  00  00  00  00  00  00  00  00  00  fd  03| 0 1 0 0
	 300  06  03  00  00  00  00  00  00  00  00  00  00  03  03| 0 1 0 0
	 310  06  03  00  00  00  00  00  00  00  00  00  00  03  03| 0 0 0 0
	 320  06  03  00  00  00  00  00  00  00  00  00  00  03  03| 0 0 0 0
	 400  06  03  00  00  00  00  00  00  00  00  00  00  03  03| 0 0 0 0
	 410  06  03  00  00  00  00  00  00  00  00  00  00  03  01| 0 1 0 0
	 420  06  03  00  00  00  00  00  00  00  00  00  00  01  01| 0 1 0 0
	 430  06  03  00  00  00  00  00  00  00  00  00  00  01  00| 0 1 0 1
	 440  06  03  00  00  00  00  00  00  00  00  00  00  00  00| 0 1 0 1
	 450
	*** The end ***
	 Rg1=6	Rg2=3  Rg3=0  Rg4=0  Rg5=0  Rg6=0  Rg7=0  Rg8=0  Rg9=0	Rg10=0
	 Rg11=0  Rg12=0  Rg13=0  Rg14=0.




	HOMEP Rg1 Rg2 Rg3 Rg4 Rg5 Rg6 Rg7 Rg8 Rg9Rg10Rg11Rg12Rg13Rg14|x0x1x2x3
	  10  03  00  00  00  00  00  00  00  00  00  00  00  00  00| 0 0 0 1
	  20  03  06  00  00  00  00  00  00  00  00  00  00  00  00| 0 0 0 1
	  30  03  06  00  00  00  00  00  00  00  00  00  00  00  03| 0 0 0 0
	  40  03  06  00  00  00  00  00  00  00  00  00  00  00  03| 0 0 0 0
	  70  03  06  00  00  00  00  00  00  00  00  00  00  00  06| 0 0 0 0
	  80  03  06  00  00  00  00  00  00  00  00  00  00  00  06| 0 0 0 0
	 110  03  06  00  00  00  00  00  00  00  00  00  00  00  06| 0 0 0 0
	 120  03  06  00  00  00  00  00  00  00  00  00  00  06  06| 0 0 0 0
	 130  03  06  00  00  00  00  00  00  00  00  00  00  06  05| 0 0 0 0
	 140  03  06  00  00  00  00  00  00  00  00  00  00  06  05| 0 0 0 0
	 250  03  06  00  00  00  00  00  00  00  00  00  00  06  00| 0 0 0 1
	 260  03  06  00  00  00  00  00  00  00  00  00  00  00  00| 0 0 0 1
	 270  03  06  00  00  00  00  00  00  00  00  00  00  00  fa| 0 0 1 0
	 280  03  06  00  00  00  00  00  00  00  00  00  00  fa  fa| 0 0 1 0
	 290  03  06  00  00  00  00  00  00  00  00  00  00  fa  fd| 0 0 1 0
	 300  03  06  00  00  00  00  00  00  00  00  00  00  fd  fd| 0 0 1 0
	 310  03  06  00  00  00  00  00  00  00  00  00  00  fd  fd| 0 0 1 0
	 320  03  06  00  00  00  00  00  00  00  00  00  00  fd  fd| 0 0 1 0
	 330  03  06  00  00  00  00  00  00  00  00  00  00  fd  fd| 0 0 1 0
	 340  03  06  00  00  00  00  00  00  00  00  00  00  fd  fc| 0 1 1 0
	 350  03  06  00  00  00  00  00  00  00  00  00  00  fc  fc| 0 1 1 0
	 360  03  06  00  00  00  00  00  00  00  00  00  00  fc  fe| 0 0 1 0
	 370  03  06  00  00  00  00  00  00  00  00  00  00  fe  fe| 0 0 1 0
	 380  03  06  00  00  00  00  00  00  00  00  00  00  fe  ff| 0 0 1 0
	 390  03  06  00  00  00  00  00  00  00  00  00  00  fe  ff| 0 0 1 0
	 440  03  06  ff  00  00  00  00  00  00  00  00  00  ff  ff| 0 0 1 0
	 450
	*** The end ***
	 Rg1=3	Rg2=6  Rg3=ff  Rg4=0  Rg5=0  Rg6=0  Rg7=0  Rg8=0  Rg9=0  Rg10=0
	 Rg11=0  Rg12=0  Rg13=ff  Rg14=ff.

	HOMEP Rg1 Rg2 Rg3 Rg4 Rg5 Rg6 Rg7 Rg8 Rg9Rg10Rg11Rg12Rg13Rg14|x0x1x2x3
	  10  fc  00  00  00  00  00  00  00  00  00  00  00  00  00| 0 0 0 1
	  20  fc  06  00  00  00  00  00  00  00  00  00  00  00  00| 0 0 0 1
	  30  fc  06  00  00  00  00  00  00  00  00  00  00  00  fc| 0 0 1 0
	  40  fc  06  00  00  00  00  00  00  00  00  00  00  00  fc| 0 0 1 0
	  50  fc  06  00  00  00  00  00  00  00  00  00  00  00  fd| 0 0 1 0
	  60  fd  06  00  00  00  00  00  00  00  00  00  00  fd  fd| 0 0 1 0
	  70  fd  06  00  00  00  00  00  00  00  00  00  00  fd  06| 0 0 0 0
	  80  fd  06  00  00  00  00  00  00  00  00  00  00  fd  06| 0 0 0 0
	 110  fd  06  00  00  00  00  00  00  00  00  00  00  fd  06| 0 0 0 0
	 120  fd  06  00  00  00  00  00  00  00  00  00  00  06  06| 0 0 0 0
	 130  fd  06  00  00  00  00  00  00  00  00  00  00  06  fb| 0 0 1 0
	 140  fd  06  00  00  00  00  00  00  00  00  00  00  06  fb| 0 0 1 0
	 150  fd  06  00  00  00  00  00  00  00  00  00  00  06  00| 0 0 0 1
	 160  fd  06  00  00  00  00  00  00  00  00  00  00  00  00| 0 0 0 1
	 170  fd  06  00  00  00  00  00  00  00  00  00  00  00  fa| 0 0 1 0
	 180  fd  06  00  00  00  00  00  00  00  00  00  00  fa  fa| 0 0 1 0
	 190  fd  06  00  00  00  00  00  00  00  00  00  00  fa  f7| 0 1 1 0
	 200  fd  06  00  00  00  00  00  00  00  00  00  00  fa  f7| 0 1 1 0
	 230  fd  06  00  00  00  00  00  00  00  00  00  00  fa  f7| 0 1 1 0
	 330  fd  06  00  00  00  00  00  00  00  00  00  00  f7  f7| 0 1 1 0
	 340  fd  06  00  00  00  00  00  00  00  00  00  00  f7  f6| 0 1 1 0
	 350  fd  06  00  00  00  00  00  00  00  00  00  00  f6  f6| 0 1 1 0
	 360  fd  06  00  00  00  00  00  00  00  00  00  00  f6  fb| 0 0 1 0
	 370  fd  06  00  00  00  00  00  00  00  00  00  00  fb  fb| 0 0 1 0
	 380  fd  06  00  00  00  00  00  00  00  00  00  00  fb  fd| 0 1 1 0
	 390  fd  06  00  00  00  00  00  00  00  00  00  00  fb  fd| 0 1 1 0
	 440  fd  06  fd  00  00  00  00  00  00  00  00  00  fd  fd| 0 1 1 0
	 450
	*** The end ***
	 Rg1=fd  Rg2=6	Rg3=fd	Rg4=0  Rg5=0  Rg6=0  Rg7=0  Rg8=0  Rg9=0  Rg10=0
	 Rg11=0  Rg12=0  Rg13=fd  Rg14=fd.




	HOMEP Rg1 Rg2 Rg3 Rg4 Rg5 Rg6 Rg7 Rg8 Rg9Rg10Rg11Rg12Rg13Rg14|x0x1x2x3
	  10  03  00  00  00  00  00  00  00  00  00  00  00  00  00| 0 0 0 1
	  20  03  f9  00  00  00  00  00  00  00  00  00  00  00  00| 0 0 0 1
	  30  03  f9  00  00  00  00  00  00  00  00  00  00  00  03| 0 0 0 0
	  40  03  f9  00  00  00  00  00  00  00  00  00  00  00  03| 0 0 0 0
	  70  03  f9  00  00  00  00  00  00  00  00  00  00  00  f9| 0 0 1 0
	  80  03  f9  00  00  00  00  00  00  00  00  00  00  00  f9| 0 0 1 0
	  90  03  f9  00  00  00  00  00  00  00  00  00  00  00  fa| 0 0 1 0
	 100  03  fa  00  00  00  00  00  00  00  00  00  00  fa  fa| 0 0 1 0
	 110  03  fa  00  00  00  00  00  00  00  00  00  00  fa  fa| 0 0 1 0
	 120  03  fa  00  00  00  00  00  00  00  00  00  00  fa  fa| 0 0 1 0
	 130  03  fa  00  00  00  00  00  00  00  00  00  00  fa  f9| 0 0 1 0
	 140  03  fa  00  00  00  00  00  00  00  00  00  00  fa  f9| 0 0 1 0
	 150  03  fa  00  00  00  00  00  00  00  00  00  00  fa  00| 0 0 0 1
	 160  03  fa  00  00  00  00  00  00  00  00  00  00  00  00| 0 0 0 1
	 170  03  fa  00  00  00  00  00  00  00  00  00  00  00  06| 0 0 0 0
	 180  03  fa  00  00  00  00  00  00  00  00  00  00  06  06| 0 0 0 0
	 190  03  fa  00  00  00  00  00  00  00  00  00  00  06  09| 0 0 0 0
	 200  03  fa  00  00  00  00  00  00  00  00  00  00  06  09| 0 0 0 0
	 210  03  fa  00  00  00  00  00  00  00  00  00  00  06  09| 0 0 0 0
	 220  03  fa  00  00  00  00  00  00  00  00  00  00  06  09| 0 0 0 0
	 300  03  fa  00  00  00  00  00  00  00  00  00  00  09  09| 0 0 0 0
	 310  03  fa  00  00  00  00  00  00  00  00  00  00  09  09| 0 0 0 0
	 320  03  fa  00  00  00  00  00  00  00  00  00  00  09  09| 0 0 0 0
	 400  03  fa  00  00  00  00  00  00  00  00  00  00  09  09| 0 0 0 0
	 410  03  fa  00  00  00  00  00  00  00  00  00  00  09  04| 0 1 0 0
	 420  03  fa  00  00  00  00  00  00  00  00  00  00  04  04| 0 1 0 0
	 430  03  fa  00  00  00  00  00  00  00  00  00  00  04  02| 0 0 0 0
	 440  03  fa  02  00  00  00  00  00  00  00  00  00  02  02| 0 0 0 0
	 450
	*** The end ***
	 Rg1=3	Rg2=fa	Rg3=2  Rg4=0  Rg5=0  Rg6=0  Rg7=0  Rg8=0  Rg9=0  Rg10=0
	 Rg11=0  Rg12=0  Rg13=2  Rg14=2.
