



	3.3 êÖáìãúíÄíõ íÖëíàêéÇÄHàü Ç ëàëíÖåÖ åéÑÖãàêéÇÄçàü åè

	3.3.1. íÖëíàêéÇÄçàÖ åè, êÖÄãàáìûôÖâ éèÖêÄñàû Z:=XÆ°p+YÆ°p


	HOMEP Rg1 Rg2 Rg3 Rg4 Rg5 Rg6 Rg7 Rg8 Rg9Rg10Rg11Rg12Rg13Rg14|x0x1x2x3
	  10  ff  00  00  00  00  00  00  00  00  00  00  00  00  00| 0 0 0 1
	  20  ff  fc  00  00  00  00  00  00  00  00  00  00  00  00| 0 0 0 1
	  30  ff  fc  ff  00  00  00  00  00  00  00  00  00  00  00| 0 0 0 1
	  40  ff  fc  ff  f9  00  00  00  00  00  00  00  00  00  00| 0 0 0 1
	  50  ff  fc  ff  f9  00  00  00  00  00  00  00  00  00  fc| 0 0 1 0
	  60  ff  fc  ff  f9  00  00  00  00  00  00  00  00  fc  fc| 0 0 1 0
	  70  ff  fc  ff  f9  00  00  00  00  00  00  00  00  fc  f5| 0 1 1 0
	  80  ff  fc  ff  f9  00  00  00  00  00  00  00  00  fc  f5| 0 1 1 0
	 150  ff  fc  ff  f9  00  f5  00  00  00  00  00  00  f5  f5| 0 1 1 0
	 160  ff  fc  ff  f9  00  f5  00  00  00  00  00  00  f5  ff| 0 0 1 0
	 170  ff  fc  ff  f9  00  f5  00  00  00  00  00  00  ff  ff| 0 0 1 0
	 180  ff  fc  ff  f9  00  f5  00  00  00  00  00  00  ff  ff| 0 1 1 0
	 190  ff  fc  ff  f9  00  f5  00  00  00  00  00  00  ff  ff| 0 1 1 0
	 220  ff  fc  ff  f9  00  f5  00  00  00  00  00  00  ff  ff| 0 1 1 0
	 230  ff  fc  ff  f9  ff  f5  00  00  00  00  00  00  ff  ff| 0 1 1 0
	 240  ff  fc  ff  f9  ff  f5  00  00  00  00  00  00  ff  ff| 0 1 1 0
	 250  ff  fc  ff  f9  ff  f5  00  00  00  00  00  00  ff  f6| 0 0 1 0
	 260  ff  fc  ff  f9  ff  f6  00  00  00  00  00  00  f6  f6| 0 0 1 0
	 270  ff  fc  ff  f9  ff  f6  00  00  00  00  00  00  f6  f6| 0 0 1 0
	 350
	*** The end ***
	 Rg1=ff  Rg2=fc  Rg3=ff  Rg4=f9  Rg5=ff  Rg6=f6  Rg7=0	Rg8=0  Rg9=0  Rg10=0
	 Rg11=0  Rg12=0  Rg13=f6  Rg14=f6.





	HOMEP Rg1 Rg2 Rg3 Rg4 Rg5 Rg6 Rg7 Rg8 Rg9Rg10Rg11Rg12Rg13Rg14|x0x1x2x3
	  10  00  00  00  00  00  00  00  00  00  00  00  00  00  00| 0 0 0 1
	  20  00  03  00  00  00  00  00  00  00  00  00  00  00  00| 0 0 0 1
	  30  00  03  00  00  00  00  00  00  00  00  00  00  00  00| 0 0 0 1
	  40  00  03  00  06  00  00  00  00  00  00  00  00  00  00| 0 0 0 1
	  50  00  03  00  06  00  00  00  00  00  00  00  00  00  03| 0 0 0 0
	  60  00  03  00  06  00  00  00  00  00  00  00  00  03  03| 0 0 0 0
	  70  00  03  00  06  00  00  00  00  00  00  00  00  03  09| 0 0 0 0
	  80  00  03  00  06  00  00  00  00  00  00  00  00  03  09| 0 0 0 0
	  90  00  03  00  06  00  09  00  00  00  00  00  00  09  09| 0 0 0 0
	 100  00  03  00  06  00  09  00  00  00  00  00  00  09  00| 0 0 0 1
	 110  00  03  00  06  00  09  00  00  00  00  00  00  00  00| 0 0 0 1
	 120  00  03  00  06  00  09  00  00  00  00  00  00  00  00| 0 0 0 1
	 130  00  03  00  06  00  09  00  00  00  00  00  00  00  00| 0 0 0 1
	 140  00  03  00  06  00  09  00  00  00  00  00  00  00  00| 0 0 0 1
	 200  00  03  00  06  00  09  00  00  00  00  00  00  00  00| 0 0 0 1
	 210  00  03  00  06  00  09  00  00  00  00  00  00  00  00| 0 0 0 1
	 230  00  03  00  06  00  09  00  00  00  00  00  00  00  00| 0 0 0 1
	 240  00  03  00  06  00  09  00  00  00  00  00  00  00  00| 0 0 0 1
	 350
	*** The end ***
	 Rg1=0	Rg2=3  Rg3=0  Rg4=6  Rg5=0  Rg6=9  Rg7=0  Rg8=0  Rg9=0	Rg10=0
	 Rg11=0  Rg12=0  Rg13=0  Rg14=0.

	HOMEP Rg1 Rg2 Rg3 Rg4 Rg5 Rg6 Rg7 Rg8 Rg9Rg10Rg11Rg12Rg13Rg14|x0x1x2x3
	  10  ff  00  00  00  00  00  00  00  00  00  00  00  00  00| 0 0 0 1
	  20  ff  fc  00  00  00  00  00  00  00  00  00  00  00  00| 0 0 0 1
	  30  ff  fc  00  00  00  00  00  00  00  00  00  00  00  00| 0 0 0 1
	  40  ff  fc  00  06  00  00  00  00  00  00  00  00  00  00| 0 0 0 1
	  50  ff  fc  00  06  00  00  00  00  00  00  00  00  00  fc| 0 0 1 0
	  60  ff  fc  00  06  00  00  00  00  00  00  00  00  fc  fc| 0 0 1 0
	  70  ff  fc  00  06  00  00  00  00  00  00  00  00  fc  02| 0 1 0 0
	  80  ff  fc  00  06  00  00  00  00  00  00  00  00  fc  02| 0 1 0 0
	 150  ff  fc  00  06  00  02  00  00  00  00  00  00  02  02| 0 1 0 0
	 160  ff  fc  00  06  00  02  00  00  00  00  00  00  02  ff| 0 0 1 0
	 170  ff  fc  00  06  00  02  00  00  00  00  00  00  ff  ff| 0 0 1 0
	 180  ff  fc  00  06  00  02  00  00  00  00  00  00  ff  00| 0 1 0 1
	 190  ff  fc  00  06  00  02  00  00  00  00  00  00  ff  00| 0 1 0 1
	 220  ff  fc  00  06  00  02  00  00  00  00  00  00  ff  00| 0 1 0 1
	 280  ff  fc  00  06  00  02  00  00  00  00  00  00  00  00| 0 1 0 1
	 290  ff  fc  00  06  00  02  00  00  00  00  00  00  00  00| 0 1 0 1
	 300  ff  fc  00  06  00  02  00  00  00  00  00  00  00  03| 0 0 0 0
	 310  ff  fc  00  06  00  03  00  00  00  00  00  00  03  03| 0 0 0 0
	 320  ff  fc  00  06  00  03  00  00  00  00  00  00  03  ff| 0 0 1 0
	 330  ff  fc  00  06  00  03  00  00  00  00  00  00  ff  ff| 0 0 1 0
	 340  ff  fc  00  06  00  03  00  00  00  00  00  00  ff  ff| 0 0 1 0
	 350
	*** The end ***
	 Rg1=ff  Rg2=fc  Rg3=0	Rg4=6  Rg5=0  Rg6=3  Rg7=0  Rg8=0  Rg9=0  Rg10=0
	 Rg11=0  Rg12=0  Rg13=ff  Rg14=ff.





	HOMEP Rg1 Rg2 Rg3 Rg4 Rg5 Rg6 Rg7 Rg8 Rg9Rg10Rg11Rg12Rg13Rg14|x0x1x2x3
	  10  ff  00  00  00  00  00  00  00  00  00  00  00  00  00| 0 0 0 1
	  20  ff  f9  00  00  00  00  00  00  00  00  00  00  00  00| 0 0 0 1
	  30  ff  f9  00  00  00  00  00  00  00  00  00  00  00  00| 0 0 0 1
	  40  ff  f9  00  03  00  00  00  00  00  00  00  00  00  00| 0 0 0 1
	  50  ff  f9  00  03  00  00  00  00  00  00  00  00  00  f9| 0 0 1 0
	  60  ff  f9  00  03  00  00  00  00  00  00  00  00  f9  f9| 0 0 1 0
	  70  ff  f9  00  03  00  00  00  00  00  00  00  00  f9  fc| 0 0 1 0
	  80  ff  f9  00  03  00  00  00  00  00  00  00  00  f9  fc| 0 0 1 0
	  90  ff  f9  00  03  00  fc  00  00  00  00  00  00  fc  fc| 0 0 1 0
	 100  ff  f9  00  03  00  fc  00  00  00  00  00  00  fc  ff| 0 0 1 0
	 110  ff  f9  00  03  00  fc  00  00  00  00  00  00  ff  ff| 0 0 1 0
	 120  ff  f9  00  03  00  fc  00  00  00  00  00  00  ff  ff| 0 0 1 0
	 130  ff  f9  00  03  00  fc  00  00  00  00  00  00  ff  ff| 0 0 1 0
	 140  ff  f9  00  03  00  fc  00  00  00  00  00  00  ff  ff| 0 0 1 0
	 200  ff  f9  00  03  00  fc  00  00  00  00  00  00  ff  ff| 0 0 1 0
	 280  ff  f9  00  03  ff  fc  00  00  00  00  00  00  ff  ff| 0 0 1 0
	 290  ff  f9  00  03  ff  fc  00  00  00  00  00  00  ff  ff| 0 0 1 0
	 320  ff  f9  00  03  ff  fc  00  00  00  00  00  00  ff  ff| 0 0 1 0
	 330  ff  f9  00  03  ff  fc  00  00  00  00  00  00  ff  ff| 0 0 1 0
	 340  ff  f9  00  03  ff  fc  00  00  00  00  00  00  ff  ff| 0 0 1 0
	 350
	*** The end ***
	 Rg1=ff  Rg2=f9  Rg3=0	Rg4=3  Rg5=ff  Rg6=fc  Rg7=0  Rg8=0  Rg9=0  Rg10=0
	 Rg11=0  Rg12=0  Rg13=ff  Rg14=ff.

	HOMEP Rg1 Rg2 Rg3 Rg4 Rg5 Rg6 Rg7 Rg8 Rg9Rg10Rg11Rg12Rg13Rg14|x0x1x2x3
	  10  00  00  00  00  00  00  00  00  00  00  00  00  00  00| 0 0 0 1
	  20  00  06  00  00  00  00  00  00  00  00  00  00  00  00| 0 0 0 1
	  30  00  06  ff  00  00  00  00  00  00  00  00  00  00  00| 0 0 0 1
	  40  00  06  ff  fc  00  00  00  00  00  00  00  00  00  00| 0 0 0 1
	  50  00  06  ff  fc  00  00  00  00  00  00  00  00  00  06| 0 0 0 0
	  60  00  06  ff  fc  00  00  00  00  00  00  00  00  06  06| 0 0 0 0
	  70  00  06  ff  fc  00  00  00  00  00  00  00  00  06  02| 0 1 0 0
	  80  00  06  ff  fc  00  00  00  00  00  00  00  00  06  02| 0 1 0 0
	 150  00  06  ff  fc  00  02  00  00  00  00  00  00  02  02| 0 1 0 0
	 160  00  06  ff  fc  00  02  00  00  00  00  00  00  02  00| 0 0 0 1
	 170  00  06  ff  fc  00  02  00  00  00  00  00  00  00  00| 0 0 0 1
	 180  00  06  ff  fc  00  02  00  00  00  00  00  00  00  00| 0 1 0 1
	 190  00  06  ff  fc  00  02  00  00  00  00  00  00  00  00| 0 1 0 1
	 220  00  06  ff  fc  00  02  00  00  00  00  00  00  00  00| 0 1 0 1
	 280  00  06  ff  fc  00  02  00  00  00  00  00  00  00  00| 0 1 0 1
	 290  00  06  ff  fc  00  02  00  00  00  00  00  00  00  00| 0 1 0 1
	 300  00  06  ff  fc  00  02  00  00  00  00  00  00  00  03| 0 0 0 0
	 310  00  06  ff  fc  00  03  00  00  00  00  00  00  03  03| 0 0 0 0
	 320  00  06  ff  fc  00  03  00  00  00  00  00  00  03  00| 0 0 0 1
	 330  00  06  ff  fc  00  03  00  00  00  00  00  00  00  00| 0 0 0 1
	 340  00  06  ff  fc  00  03  00  00  00  00  00  00  00  ff| 0 0 1 0
	 350
	*** The end ***
	 Rg1=0	Rg2=6  Rg3=ff  Rg4=fc  Rg5=0  Rg6=3  Rg7=0  Rg8=0  Rg9=0  Rg10=0
	 Rg11=0  Rg12=0  Rg13=0  Rg14=ff.





	HOMEP Rg1 Rg2 Rg3 Rg4 Rg5 Rg6 Rg7 Rg8 Rg9Rg10Rg11Rg12Rg13Rg14|x0x1x2x3
	  10  00  00  00  00  00  00  00  00  00  00  00  00  00  00| 0 0 0 1
	  20  00  03  00  00  00  00  00  00  00  00  00  00  00  00| 0 0 0 1
	  30  00  03  ff  00  00  00  00  00  00  00  00  00  00  00| 0 0 0 1
	  40  00  03  ff  f9  00  00  00  00  00  00  00  00  00  00| 0 0 0 1
	  50  00  03  ff  f9  00  00  00  00  00  00  00  00  00  03| 0 0 0 0
	  60  00  03  ff  f9  00  00  00  00  00  00  00  00  03  03| 0 0 0 0
	  70  00  03  ff  f9  00  00  00  00  00  00  00  00  03  fc| 0 0 1 0
	  80  00  03  ff  f9  00  00  00  00  00  00  00  00  03  fc| 0 0 1 0
	  90  00  03  ff  f9  00  fc  00  00  00  00  00  00  fc  fc| 0 0 1 0
	 100  00  03  ff  f9  00  fc  00  00  00  00  00  00  fc  00| 0 0 0 1
	 110  00  03  ff  f9  00  fc  00  00  00  00  00  00  00  00| 0 0 0 1
	 120  00  03  ff  f9  00  fc  00  00  00  00  00  00  00  ff| 0 0 1 0
	 130  00  03  ff  f9  00  fc  00  00  00  00  00  00  00  ff| 0 0 1 0
	 140  00  03  ff  f9  00  fc  00  00  00  00  00  00  00  ff| 0 0 1 0
	 200  00  03  ff  f9  00  fc  00  00  00  00  00  00  00  ff| 0 0 1 0
	 280  00  03  ff  f9  ff  fc  00  00  00  00  00  00  ff  ff| 0 0 1 0
	 290  00  03  ff  f9  ff  fc  00  00  00  00  00  00  ff  ff| 0 0 1 0
	 320  00  03  ff  f9  ff  fc  00  00  00  00  00  00  ff  00| 0 0 0 1
	 330  00  03  ff  f9  ff  fc  00  00  00  00  00  00  00  00| 0 0 0 1
	 340  00  03  ff  f9  ff  fc  00  00  00  00  00  00  00  ff| 0 0 1 0
	 350
	*** The end ***
	 Rg1=0	Rg2=3  Rg3=ff  Rg4=f9  Rg5=ff  Rg6=fc  Rg7=0  Rg8=0  Rg9=0  Rg10=0
	 Rg11=0  Rg12=0  Rg13=0  Rg14=ff.
